#########################################################################################################################      
#########################################################################################################################      
#########################################################################################################################      

> rcorr(fsdata, type = "pearson")

            PIAL_CLASS4 ABLA_CLASS4 PIEN_CLASS4 ABLA_CLASS3 PIEN_CLASS3 ABLA_CLASS2 PIEN_CLASS2 ABLA_CLASS1 PIEN_CLASS1
PIAL_CLASS4        1.00        0.15        0.12        0.15        0.06        0.15        0.02        0.13        0.00
ABLA_CLASS4        0.15        1.00        0.21        0.58        0.13        0.45        0.09        0.32        0.08
PIEN_CLASS4        0.12        0.21        1.00        0.28        0.63        0.30        0.46        0.21        0.19
ABLA_CLASS3        0.15        0.58        0.28        1.00        0.27        0.78        0.26        0.49        0.17
PIEN_CLASS3        0.06        0.13        0.63        0.27        1.00        0.33        0.70        0.22        0.29
ABLA_CLASS2        0.15        0.45        0.30        0.78        0.33        1.00        0.33        0.63        0.20
PIEN_CLASS2        0.02        0.09        0.46        0.26        0.70        0.33        1.00        0.29        0.49
ABLA_CLASS1        0.13        0.32        0.21        0.49        0.22        0.63        0.29        1.00        0.18
PIEN_CLASS1        0.00        0.08        0.19        0.17        0.29        0.20        0.49        0.18        1.00

n= 1688 


P
            PIAL_CLASS4 ABLA_CLASS4 PIEN_CLASS4 ABLA_CLASS3 PIEN_CLASS3 ABLA_CLASS2 PIEN_CLASS2 ABLA_CLASS1 PIEN_CLASS1
PIAL_CLASS4             0.0000      0.0000      0.0000      0.0129      0.0000      0.4116      0.0000      0.9153     
ABLA_CLASS4 0.0000                  0.0000      0.0000      0.0000      0.0000      0.0001      0.0000      0.0014     
PIEN_CLASS4 0.0000      0.0000                  0.0000      0.0000      0.0000      0.0000      0.0000      0.0000     
ABLA_CLASS3 0.0000      0.0000      0.0000                  0.0000      0.0000      0.0000      0.0000      0.0000     
PIEN_CLASS3 0.0129      0.0000      0.0000      0.0000                  0.0000      0.0000      0.0000      0.0000     
ABLA_CLASS2 0.0000      0.0000      0.0000      0.0000      0.0000                  0.0000      0.0000      0.0000     
PIEN_CLASS2 0.4116      0.0001      0.0000      0.0000      0.0000      0.0000                  0.0000      0.0000     
ABLA_CLASS1 0.0000      0.0000      0.0000      0.0000      0.0000      0.0000      0.0000                  0.0000     
PIEN_CLASS1 0.9153      0.0014      0.0000      0.0000      0.0000      0.0000      0.0000      0.0000                 

#########################################################################################################################      

> rcorr(fsdata, type = "spearman")
            PIAL_CLASS4 ABLA_CLASS4 PIEN_CLASS4 ABLA_CLASS3 PIEN_CLASS3 ABLA_CLASS2 PIEN_CLASS2 ABLA_CLASS1 PIEN_CLASS1
PIAL_CLASS4        1.00        0.16        0.12        0.19        0.13        0.20        0.12        0.17        0.02
ABLA_CLASS4        0.16        1.00        0.36        0.68        0.32        0.64        0.32        0.51        0.19
PIEN_CLASS4        0.12        0.36        1.00        0.46        0.71        0.48        0.64        0.38        0.39
ABLA_CLASS3        0.19        0.68        0.46        1.00        0.46        0.81        0.45        0.63        0.26
PIEN_CLASS3        0.13        0.32        0.71        0.46        1.00        0.50        0.75        0.38        0.46
ABLA_CLASS2        0.20        0.64        0.48        0.81        0.50        1.00        0.50        0.71        0.29
PIEN_CLASS2        0.12        0.32        0.64        0.45        0.75        0.50        1.00        0.41        0.57
ABLA_CLASS1        0.17        0.51        0.38        0.63        0.38        0.71        0.41        1.00        0.26
PIEN_CLASS1        0.02        0.19        0.39        0.26        0.46        0.29        0.57        0.26        1.00

n= 1688 


P
            PIAL_CLASS4 ABLA_CLASS4 PIEN_CLASS4 ABLA_CLASS3 PIEN_CLASS3 ABLA_CLASS2 PIEN_CLASS2 ABLA_CLASS1 PIEN_CLASS1
PIAL_CLASS4             0.0000      0.0000      0.0000      0.0000      0.0000      0.0000      0.0000      0.3159     
ABLA_CLASS4 0.0000                  0.0000      0.0000      0.0000      0.0000      0.0000      0.0000      0.0000     
PIEN_CLASS4 0.0000      0.0000                  0.0000      0.0000      0.0000      0.0000      0.0000      0.0000     
ABLA_CLASS3 0.0000      0.0000      0.0000                  0.0000      0.0000      0.0000      0.0000      0.0000     
PIEN_CLASS3 0.0000      0.0000      0.0000      0.0000                  0.0000      0.0000      0.0000      0.0000     
ABLA_CLASS2 0.0000      0.0000      0.0000      0.0000      0.0000                  0.0000      0.0000      0.0000     
PIEN_CLASS2 0.0000      0.0000      0.0000      0.0000      0.0000      0.0000                  0.0000      0.0000     
ABLA_CLASS1 0.0000      0.0000      0.0000      0.0000      0.0000      0.0000      0.0000                  0.0000     
PIEN_CLASS1 0.3159      0.0000      0.0000      0.0000      0.0000      0.0000      0.0000      0.0000                 

#########################################################################################################################      
#########################################################################################################################      
#########################################################################################################################      
 
> rcorr(fsdata, type = "pearson")
            PIAL_CLASS3 ABLA_CLASS4 PIEN_CLASS4 ABLA_CLASS3 PIEN_CLASS3 ABLA_CLASS2 PIEN_CLASS2 ABLA_CLASS1 PIEN_CLASS1
PIAL_CLASS3        1.00        0.06        0.12        0.15        0.11        0.19        0.08        0.16        0.01
ABLA_CLASS4        0.06        1.00        0.21        0.58        0.13        0.45        0.09        0.32        0.08
PIEN_CLASS4        0.12        0.21        1.00        0.28        0.63        0.30        0.46        0.21        0.19
ABLA_CLASS3        0.15        0.58        0.28        1.00        0.27        0.78        0.26        0.49        0.17
PIEN_CLASS3        0.11        0.13        0.63        0.27        1.00        0.33        0.70        0.22        0.29
ABLA_CLASS2        0.19        0.45        0.30        0.78        0.33        1.00        0.33        0.63        0.20
PIEN_CLASS2        0.08        0.09        0.46        0.26        0.70        0.33        1.00        0.29        0.49
ABLA_CLASS1        0.16        0.32        0.21        0.49        0.22        0.63        0.29        1.00        0.18
PIEN_CLASS1        0.01        0.08        0.19        0.17        0.29        0.20        0.49        0.18        1.00

n= 1688 


P
            PIAL_CLASS3 ABLA_CLASS4 PIEN_CLASS4 ABLA_CLASS3 PIEN_CLASS3 ABLA_CLASS2 PIEN_CLASS2 ABLA_CLASS1 PIEN_CLASS1
PIAL_CLASS3             0.0147      0.0000      0.0000      0.0000      0.0000      0.0008      0.0000      0.7397     
ABLA_CLASS4 0.0147                  0.0000      0.0000      0.0000      0.0000      0.0001      0.0000      0.0014     
PIEN_CLASS4 0.0000      0.0000                  0.0000      0.0000      0.0000      0.0000      0.0000      0.0000     
ABLA_CLASS3 0.0000      0.0000      0.0000                  0.0000      0.0000      0.0000      0.0000      0.0000     
PIEN_CLASS3 0.0000      0.0000      0.0000      0.0000                  0.0000      0.0000      0.0000      0.0000     
ABLA_CLASS2 0.0000      0.0000      0.0000      0.0000      0.0000                  0.0000      0.0000      0.0000     
PIEN_CLASS2 0.0008      0.0001      0.0000      0.0000      0.0000      0.0000                  0.0000      0.0000     
ABLA_CLASS1 0.0000      0.0000      0.0000      0.0000      0.0000      0.0000      0.0000                  0.0000     
PIEN_CLASS1 0.7397      0.0014      0.0000      0.0000      0.0000      0.0000      0.0000      0.0000                 

#########################################################################################################################      

> rcorr(fsdata, type = "spearman")
            PIAL_CLASS3 ABLA_CLASS4 PIEN_CLASS4 ABLA_CLASS3 PIEN_CLASS3 ABLA_CLASS2 PIEN_CLASS2 ABLA_CLASS1 PIEN_CLASS1
PIAL_CLASS3        1.00        0.11        0.08        0.17        0.12        0.22        0.13        0.19        0.06
ABLA_CLASS4        0.11        1.00        0.36        0.68        0.32        0.64        0.32        0.51        0.19
PIEN_CLASS4        0.08        0.36        1.00        0.46        0.71        0.48        0.64        0.38        0.39
ABLA_CLASS3        0.17        0.68        0.46        1.00        0.46        0.81        0.45        0.63        0.26
PIEN_CLASS3        0.12        0.32        0.71        0.46        1.00        0.50        0.75        0.38        0.46
ABLA_CLASS2        0.22        0.64        0.48        0.81        0.50        1.00        0.50        0.71        0.29
PIEN_CLASS2        0.13        0.32        0.64        0.45        0.75        0.50        1.00        0.41        0.57
ABLA_CLASS1        0.19        0.51        0.38        0.63        0.38        0.71        0.41        1.00        0.26
PIEN_CLASS1        0.06        0.19        0.39        0.26        0.46        0.29        0.57        0.26        1.00

n= 1688 


P
            PIAL_CLASS3 ABLA_CLASS4 PIEN_CLASS4 ABLA_CLASS3 PIEN_CLASS3 ABLA_CLASS2 PIEN_CLASS2 ABLA_CLASS1 PIEN_CLASS1
PIAL_CLASS3             0.0000      0.0006      0.0000      0.0000      0.0000      0.0000      0.0000      0.0204     
ABLA_CLASS4 0.0000                  0.0000      0.0000      0.0000      0.0000      0.0000      0.0000      0.0000     
PIEN_CLASS4 0.0006      0.0000                  0.0000      0.0000      0.0000      0.0000      0.0000      0.0000     
ABLA_CLASS3 0.0000      0.0000      0.0000                  0.0000      0.0000      0.0000      0.0000      0.0000     
PIEN_CLASS3 0.0000      0.0000      0.0000      0.0000                  0.0000      0.0000      0.0000      0.0000     
ABLA_CLASS2 0.0000      0.0000      0.0000      0.0000      0.0000                  0.0000      0.0000      0.0000     
PIEN_CLASS2 0.0000      0.0000      0.0000      0.0000      0.0000      0.0000                  0.0000      0.0000     
ABLA_CLASS1 0.0000      0.0000      0.0000      0.0000      0.0000      0.0000      0.0000                  0.0000     
PIEN_CLASS1 0.0204      0.0000      0.0000      0.0000      0.0000      0.0000      0.0000      0.0000                 

#########################################################################################################################      
#########################################################################################################################      
#########################################################################################################################      

> rcorr(fsdata, type = "pearson")
            PIAL_CLASS2 ABLA_CLASS4 PIEN_CLASS4 ABLA_CLASS3 PIEN_CLASS3 ABLA_CLASS2 PIEN_CLASS2 ABLA_CLASS1 PIEN_CLASS1
PIAL_CLASS2        1.00        0.02        0.05        0.09        0.11        0.14        0.17        0.17        0.03
ABLA_CLASS4        0.02        1.00        0.21        0.58        0.13        0.45        0.09        0.32        0.08
PIEN_CLASS4        0.05        0.21        1.00        0.28        0.63        0.30        0.46        0.21        0.19
ABLA_CLASS3        0.09        0.58        0.28        1.00        0.27        0.78        0.26        0.49        0.17
PIEN_CLASS3        0.11        0.13        0.63        0.27        1.00        0.33        0.70        0.22        0.29
ABLA_CLASS2        0.14        0.45        0.30        0.78        0.33        1.00        0.33        0.63        0.20
PIEN_CLASS2        0.17        0.09        0.46        0.26        0.70        0.33        1.00        0.29        0.49
ABLA_CLASS1        0.17        0.32        0.21        0.49        0.22        0.63        0.29        1.00        0.18
PIEN_CLASS1        0.03        0.08        0.19        0.17        0.29        0.20        0.49        0.18        1.00

n= 1688 


P
            PIAL_CLASS2 ABLA_CLASS4 PIEN_CLASS4 ABLA_CLASS3 PIEN_CLASS3 ABLA_CLASS2 PIEN_CLASS2 ABLA_CLASS1 PIEN_CLASS1
PIAL_CLASS2             0.5126      0.0466      0.0004      0.0000      0.0000      0.0000      0.0000      0.2895     
ABLA_CLASS4 0.5126                  0.0000      0.0000      0.0000      0.0000      0.0001      0.0000      0.0014     
PIEN_CLASS4 0.0466      0.0000                  0.0000      0.0000      0.0000      0.0000      0.0000      0.0000     
ABLA_CLASS3 0.0004      0.0000      0.0000                  0.0000      0.0000      0.0000      0.0000      0.0000     
PIEN_CLASS3 0.0000      0.0000      0.0000      0.0000                  0.0000      0.0000      0.0000      0.0000     
ABLA_CLASS2 0.0000      0.0000      0.0000      0.0000      0.0000                  0.0000      0.0000      0.0000     
PIEN_CLASS2 0.0000      0.0001      0.0000      0.0000      0.0000      0.0000                  0.0000      0.0000     
ABLA_CLASS1 0.0000      0.0000      0.0000      0.0000      0.0000      0.0000      0.0000                  0.0000     
PIEN_CLASS1 0.2895      0.0014      0.0000      0.0000      0.0000      0.0000      0.0000      0.0000                 

#########################################################################################################################      

> rcorr(fsdata, type = "spearman")
            PIAL_CLASS2 ABLA_CLASS4 PIEN_CLASS4 ABLA_CLASS3 PIEN_CLASS3 ABLA_CLASS2 PIEN_CLASS2 ABLA_CLASS1 PIEN_CLASS1
PIAL_CLASS2        1.00        0.11        0.08        0.16        0.10        0.21        0.14        0.18        0.09
ABLA_CLASS4        0.11        1.00        0.36        0.68        0.32        0.64        0.32        0.51        0.19
PIEN_CLASS4        0.08        0.36        1.00        0.46        0.71        0.48        0.64        0.38        0.39
ABLA_CLASS3        0.16        0.68        0.46        1.00        0.46        0.81        0.45        0.63        0.26
PIEN_CLASS3        0.10        0.32        0.71        0.46        1.00        0.50        0.75        0.38        0.46
ABLA_CLASS2        0.21        0.64        0.48        0.81        0.50        1.00        0.50        0.71        0.29
PIEN_CLASS2        0.14        0.32        0.64        0.45        0.75        0.50        1.00        0.41        0.57
ABLA_CLASS1        0.18        0.51        0.38        0.63        0.38        0.71        0.41        1.00        0.26
PIEN_CLASS1        0.09        0.19        0.39        0.26        0.46        0.29        0.57        0.26        1.00

n= 1688 


P
            PIAL_CLASS2 ABLA_CLASS4 PIEN_CLASS4 ABLA_CLASS3 PIEN_CLASS3 ABLA_CLASS2 PIEN_CLASS2 ABLA_CLASS1 PIEN_CLASS1
PIAL_CLASS2             0e+00       5e-04       0e+00       0e+00       0e+00       0e+00       0e+00       4e-04      
ABLA_CLASS4 0e+00                   0e+00       0e+00       0e+00       0e+00       0e+00       0e+00       0e+00      
PIEN_CLASS4 5e-04       0e+00                   0e+00       0e+00       0e+00       0e+00       0e+00       0e+00      
ABLA_CLASS3 0e+00       0e+00       0e+00                   0e+00       0e+00       0e+00       0e+00       0e+00      
PIEN_CLASS3 0e+00       0e+00       0e+00       0e+00                   0e+00       0e+00       0e+00       0e+00      
ABLA_CLASS2 0e+00       0e+00       0e+00       0e+00       0e+00                   0e+00       0e+00       0e+00      
PIEN_CLASS2 0e+00       0e+00       0e+00       0e+00       0e+00       0e+00                   0e+00       0e+00      
ABLA_CLASS1 0e+00       0e+00       0e+00       0e+00       0e+00       0e+00       0e+00                   0e+00      
PIEN_CLASS1 4e-04       0e+00       0e+00       0e+00       0e+00       0e+00       0e+00       0e+00                  

#########################################################################################################################      
#########################################################################################################################      
#########################################################################################################################      

> rcorr(fsdata, type = "pearson")
            PIAL_CLASS1 ABLA_CLASS4 PIEN_CLASS4 ABLA_CLASS3 PIEN_CLASS3 ABLA_CLASS2 PIEN_CLASS2 ABLA_CLASS1 PIEN_CLASS1
PIAL_CLASS1        1.00        0.03        0.00        0.06        0.00        0.09        0.04        0.15        0.01
ABLA_CLASS4        0.03        1.00        0.21        0.58        0.13        0.45        0.09        0.32        0.08
PIEN_CLASS4        0.00        0.21        1.00        0.28        0.63        0.30        0.46        0.21        0.19
ABLA_CLASS3        0.06        0.58        0.28        1.00        0.27        0.78        0.26        0.49        0.17
PIEN_CLASS3        0.00        0.13        0.63        0.27        1.00        0.33        0.70        0.22        0.29
ABLA_CLASS2        0.09        0.45        0.30        0.78        0.33        1.00        0.33        0.63        0.20
PIEN_CLASS2        0.04        0.09        0.46        0.26        0.70        0.33        1.00        0.29        0.49
ABLA_CLASS1        0.15        0.32        0.21        0.49        0.22        0.63        0.29        1.00        0.18
PIEN_CLASS1        0.01        0.08        0.19        0.17        0.29        0.20        0.49        0.18        1.00

n= 1688 


P
            PIAL_CLASS1 ABLA_CLASS4 PIEN_CLASS4 ABLA_CLASS3 PIEN_CLASS3 ABLA_CLASS2 PIEN_CLASS2 ABLA_CLASS1 PIEN_CLASS1
PIAL_CLASS1             0.2774      0.9315      0.0089      0.9482      0.0002      0.0880      0.0000      0.5498     
ABLA_CLASS4 0.2774                  0.0000      0.0000      0.0000      0.0000      0.0001      0.0000      0.0014     
PIEN_CLASS4 0.9315      0.0000                  0.0000      0.0000      0.0000      0.0000      0.0000      0.0000     
ABLA_CLASS3 0.0089      0.0000      0.0000                  0.0000      0.0000      0.0000      0.0000      0.0000     
PIEN_CLASS3 0.9482      0.0000      0.0000      0.0000                  0.0000      0.0000      0.0000      0.0000     
ABLA_CLASS2 0.0002      0.0000      0.0000      0.0000      0.0000                  0.0000      0.0000      0.0000     
PIEN_CLASS2 0.0880      0.0001      0.0000      0.0000      0.0000      0.0000                  0.0000      0.0000     
ABLA_CLASS1 0.0000      0.0000      0.0000      0.0000      0.0000      0.0000      0.0000                  0.0000     
PIEN_CLASS1 0.5498      0.0014      0.0000      0.0000      0.0000      0.0000      0.0000      0.0000                 

#########################################################################################################################      

> rcorr(fsdata, type = "spearman")
            PIAL_CLASS1 ABLA_CLASS4 PIEN_CLASS4 ABLA_CLASS3 PIEN_CLASS3 ABLA_CLASS2 PIEN_CLASS2 ABLA_CLASS1 PIEN_CLASS1
PIAL_CLASS1        1.00        0.04        0.04        0.07        0.04        0.13        0.06        0.12        0.03
ABLA_CLASS4        0.04        1.00        0.36        0.68        0.32        0.64        0.32        0.51        0.19
PIEN_CLASS4        0.04        0.36        1.00        0.46        0.71        0.48        0.64        0.38        0.39
ABLA_CLASS3        0.07        0.68        0.46        1.00        0.46        0.81        0.45        0.63        0.26
PIEN_CLASS3        0.04        0.32        0.71        0.46        1.00        0.50        0.75        0.38        0.46
ABLA_CLASS2        0.13        0.64        0.48        0.81        0.50        1.00        0.50        0.71        0.29
PIEN_CLASS2        0.06        0.32        0.64        0.45        0.75        0.50        1.00        0.41        0.57
ABLA_CLASS1        0.12        0.51        0.38        0.63        0.38        0.71        0.41        1.00        0.26
PIEN_CLASS1        0.03        0.19        0.39        0.26        0.46        0.29        0.57        0.26        1.00

n= 1688 


P
            PIAL_CLASS1 ABLA_CLASS4 PIEN_CLASS4 ABLA_CLASS3 PIEN_CLASS3 ABLA_CLASS2 PIEN_CLASS2 ABLA_CLASS1 PIEN_CLASS1
PIAL_CLASS1             0.1354      0.0946      0.0029      0.1133      0.0000      0.0125      0.0000      0.1507     
ABLA_CLASS4 0.1354                  0.0000      0.0000      0.0000      0.0000      0.0000      0.0000      0.0000     
PIEN_CLASS4 0.0946      0.0000                  0.0000      0.0000      0.0000      0.0000      0.0000      0.0000     
ABLA_CLASS3 0.0029      0.0000      0.0000                  0.0000      0.0000      0.0000      0.0000      0.0000     
PIEN_CLASS3 0.1133      0.0000      0.0000      0.0000                  0.0000      0.0000      0.0000      0.0000     
ABLA_CLASS2 0.0000      0.0000      0.0000      0.0000      0.0000                  0.0000      0.0000      0.0000     
PIEN_CLASS2 0.0125      0.0000      0.0000      0.0000      0.0000      0.0000                  0.0000      0.0000     
ABLA_CLASS1 0.0000      0.0000      0.0000      0.0000      0.0000      0.0000      0.0000                  0.0000     
PIEN_CLASS1 0.1507      0.0000      0.0000      0.0000      0.0000      0.0000      0.0000      0.0000                 
 
> #########################################################################################################################
> #########################################################################################################################
> #########################################################################################################################