#########################################################################################################################
#########################################################################################################################
#########################################################################################################################

> rcorr(fsdata, type = "pearson")
            PIAL_CLASS4 ABLA_CLASS4 PIEN_CLASS4 ABLA_CLASS3 PIEN_CLASS3 ABLA_CLASS2 PIEN_CLASS2 ABLA_CLASS1 PIEN_CLASS1
PIAL_CLASS4        1.00        0.06       -0.07        0.13       -0.11        0.14       -0.10        0.03       -0.11
ABLA_CLASS4        0.06        1.00        0.15        0.62       -0.03        0.41       -0.05        0.23       -0.07
PIEN_CLASS4       -0.07        0.15        1.00        0.22        0.65        0.24        0.42        0.24        0.17
ABLA_CLASS3        0.13        0.62        0.22        1.00        0.08        0.73       -0.01        0.31       -0.04
PIEN_CLASS3       -0.11       -0.03        0.65        0.08        1.00        0.15        0.76        0.13        0.36
ABLA_CLASS2        0.14        0.41        0.24        0.73        0.15        1.00        0.10        0.45        0.07
PIEN_CLASS2       -0.10       -0.05        0.42       -0.01        0.76        0.10        1.00        0.05        0.51
ABLA_CLASS1        0.03        0.23        0.24        0.31        0.13        0.45        0.05        1.00        0.11
PIEN_CLASS1       -0.11       -0.07        0.17       -0.04        0.36        0.07        0.51        0.11        1.00

n= 303 


P
            PIAL_CLASS4 ABLA_CLASS4 PIEN_CLASS4 ABLA_CLASS3 PIEN_CLASS3 ABLA_CLASS2 PIEN_CLASS2 ABLA_CLASS1 PIEN_CLASS1
PIAL_CLASS4             0.3040      0.2519      0.0189      0.0596      0.0127      0.0884      0.5745      0.0496     
ABLA_CLASS4 0.3040                  0.0090      0.0000      0.6577      0.0000      0.3404      0.0000      0.2536     
PIEN_CLASS4 0.2519      0.0090                  0.0001      0.0000      0.0000      0.0000      0.0000      0.0023     
ABLA_CLASS3 0.0189      0.0000      0.0001                  0.1626      0.0000      0.8126      0.0000      0.5080     
PIEN_CLASS3 0.0596      0.6577      0.0000      0.1626                  0.0089      0.0000      0.0257      0.0000     
ABLA_CLASS2 0.0127      0.0000      0.0000      0.0000      0.0089                  0.0846      0.0000      0.2423     
PIEN_CLASS2 0.0884      0.3404      0.0000      0.8126      0.0000      0.0846                  0.3879      0.0000     
ABLA_CLASS1 0.5745      0.0000      0.0000      0.0000      0.0257      0.0000      0.3879                  0.0594     
PIEN_CLASS1 0.0496      0.2536      0.0023      0.5080      0.0000      0.2423      0.0000      0.0594                 

#########################################################################################################################

> rcorr(fsdata, type = "spearman")
            PIAL_CLASS4 ABLA_CLASS4 PIEN_CLASS4 ABLA_CLASS3 PIEN_CLASS3 ABLA_CLASS2 PIEN_CLASS2 ABLA_CLASS1 PIEN_CLASS1
PIAL_CLASS4        1.00        0.16       -0.02        0.21       -0.03        0.19       -0.06        0.07       -0.12
ABLA_CLASS4        0.16        1.00        0.34        0.73        0.10        0.62        0.14        0.40       -0.05
PIEN_CLASS4       -0.02        0.34        1.00        0.38        0.71        0.43        0.69        0.38        0.32
ABLA_CLASS3        0.21        0.73        0.38        1.00        0.22        0.78        0.21        0.52        0.02
PIEN_CLASS3       -0.03        0.10        0.71        0.22        1.00        0.31        0.73        0.21        0.46
ABLA_CLASS2        0.19        0.62        0.43        0.78        0.31        1.00        0.30        0.65        0.18
PIEN_CLASS2       -0.06        0.14        0.69        0.21        0.73        0.30        1.00        0.27        0.52
ABLA_CLASS1        0.07        0.40        0.38        0.52        0.21        0.65        0.27        1.00        0.18
PIEN_CLASS1       -0.12       -0.05        0.32        0.02        0.46        0.18        0.52        0.18        1.00

n= 303 


P
            PIAL_CLASS4 ABLA_CLASS4 PIEN_CLASS4 ABLA_CLASS3 PIEN_CLASS3 ABLA_CLASS2 PIEN_CLASS2 ABLA_CLASS1 PIEN_CLASS1
PIAL_CLASS4             0.0048      0.7186      0.0002      0.6065      0.0011      0.3339      0.2591      0.0300     
ABLA_CLASS4 0.0048                  0.0000      0.0000      0.0869      0.0000      0.0164      0.0000      0.4125     
PIEN_CLASS4 0.7186      0.0000                  0.0000      0.0000      0.0000      0.0000      0.0000      0.0000     
ABLA_CLASS3 0.0002      0.0000      0.0000                  0.0001      0.0000      0.0003      0.0000      0.7299     
PIEN_CLASS3 0.6065      0.0869      0.0000      0.0001                  0.0000      0.0000      0.0003      0.0000     
ABLA_CLASS2 0.0011      0.0000      0.0000      0.0000      0.0000                  0.0000      0.0000      0.0022     
PIEN_CLASS2 0.3339      0.0164      0.0000      0.0003      0.0000      0.0000                  0.0000      0.0000     
ABLA_CLASS1 0.2591      0.0000      0.0000      0.0000      0.0003      0.0000      0.0000                  0.0014     
PIEN_CLASS1 0.0300      0.4125      0.0000      0.7299      0.0000      0.0022      0.0000      0.0014  

#########################################################################################################################
#########################################################################################################################
#########################################################################################################################

> rcorr(fsdata, type = "pearson")
            PIAL_CLASS3 ABLA_CLASS4 PIEN_CLASS4 ABLA_CLASS3 PIEN_CLASS3 ABLA_CLASS2 PIEN_CLASS2 ABLA_CLASS1 PIEN_CLASS1
PIAL_CLASS3        1.00       -0.05       -0.07        0.06        0.02        0.03        0.14       -0.03        0.04
ABLA_CLASS4       -0.05        1.00        0.15        0.62       -0.03        0.41       -0.05        0.23       -0.07
PIEN_CLASS4       -0.07        0.15        1.00        0.22        0.65        0.24        0.42        0.24        0.17
ABLA_CLASS3        0.06        0.62        0.22        1.00        0.08        0.73       -0.01        0.31       -0.04
PIEN_CLASS3        0.02       -0.03        0.65        0.08        1.00        0.15        0.76        0.13        0.36
ABLA_CLASS2        0.03        0.41        0.24        0.73        0.15        1.00        0.10        0.45        0.07
PIEN_CLASS2        0.14       -0.05        0.42       -0.01        0.76        0.10        1.00        0.05        0.51
ABLA_CLASS1       -0.03        0.23        0.24        0.31        0.13        0.45        0.05        1.00        0.11
PIEN_CLASS1        0.04       -0.07        0.17       -0.04        0.36        0.07        0.51        0.11        1.00

n= 303 


P
            PIAL_CLASS3 ABLA_CLASS4 PIEN_CLASS4 ABLA_CLASS3 PIEN_CLASS3 ABLA_CLASS2 PIEN_CLASS2 ABLA_CLASS1 PIEN_CLASS1
PIAL_CLASS3             0.4209      0.2429      0.3001      0.7346      0.6277      0.0176      0.5980      0.4792     
ABLA_CLASS4 0.4209                  0.0090      0.0000      0.6577      0.0000      0.3404      0.0000      0.2536     
PIEN_CLASS4 0.2429      0.0090                  0.0001      0.0000      0.0000      0.0000      0.0000      0.0023     
ABLA_CLASS3 0.3001      0.0000      0.0001                  0.1626      0.0000      0.8126      0.0000      0.5080     
PIEN_CLASS3 0.7346      0.6577      0.0000      0.1626                  0.0089      0.0000      0.0257      0.0000     
ABLA_CLASS2 0.6277      0.0000      0.0000      0.0000      0.0089                  0.0846      0.0000      0.2423     
PIEN_CLASS2 0.0176      0.3404      0.0000      0.8126      0.0000      0.0846                  0.3879      0.0000     
ABLA_CLASS1 0.5980      0.0000      0.0000      0.0000      0.0257      0.0000      0.3879                  0.0594     
PIEN_CLASS1 0.4792      0.2536      0.0023      0.5080      0.0000      0.2423      0.0000      0.0594                 

#########################################################################################################################

> rcorr(fsdata, type = "spearman")
            PIAL_CLASS3 ABLA_CLASS4 PIEN_CLASS4 ABLA_CLASS3 PIEN_CLASS3 ABLA_CLASS2 PIEN_CLASS2 ABLA_CLASS1 PIEN_CLASS1
PIAL_CLASS3        1.00        0.13       -0.05        0.18        0.00        0.18        0.02        0.05       -0.07
ABLA_CLASS4        0.13        1.00        0.34        0.73        0.10        0.62        0.14        0.40       -0.05
PIEN_CLASS4       -0.05        0.34        1.00        0.38        0.71        0.43        0.69        0.38        0.32
ABLA_CLASS3        0.18        0.73        0.38        1.00        0.22        0.78        0.21        0.52        0.02
PIEN_CLASS3        0.00        0.10        0.71        0.22        1.00        0.31        0.73        0.21        0.46
ABLA_CLASS2        0.18        0.62        0.43        0.78        0.31        1.00        0.30        0.65        0.18
PIEN_CLASS2        0.02        0.14        0.69        0.21        0.73        0.30        1.00        0.27        0.52
ABLA_CLASS1        0.05        0.40        0.38        0.52        0.21        0.65        0.27        1.00        0.18
PIEN_CLASS1       -0.07       -0.05        0.32        0.02        0.46        0.18        0.52        0.18        1.00

n= 303 


P
            PIAL_CLASS3 ABLA_CLASS4 PIEN_CLASS4 ABLA_CLASS3 PIEN_CLASS3 ABLA_CLASS2 PIEN_CLASS2 ABLA_CLASS1 PIEN_CLASS1
PIAL_CLASS3             0.0225      0.3462      0.0013      0.9374      0.0020      0.7781      0.3516      0.2449     
ABLA_CLASS4 0.0225                  0.0000      0.0000      0.0869      0.0000      0.0164      0.0000      0.4125     
PIEN_CLASS4 0.3462      0.0000                  0.0000      0.0000      0.0000      0.0000      0.0000      0.0000     
ABLA_CLASS3 0.0013      0.0000      0.0000                  0.0001      0.0000      0.0003      0.0000      0.7299     
PIEN_CLASS3 0.9374      0.0869      0.0000      0.0001                  0.0000      0.0000      0.0003      0.0000     
ABLA_CLASS2 0.0020      0.0000      0.0000      0.0000      0.0000                  0.0000      0.0000      0.0022     
PIEN_CLASS2 0.7781      0.0164      0.0000      0.0003      0.0000      0.0000                  0.0000      0.0000     
ABLA_CLASS1 0.3516      0.0000      0.0000      0.0000      0.0003      0.0000      0.0000                  0.0014     
PIEN_CLASS1 0.2449      0.4125      0.0000      0.7299      0.0000      0.0022      0.0000      0.0014    

#########################################################################################################################
#########################################################################################################################
#########################################################################################################################

> rcorr(fsdata, type = "pearson")
            PIAL_CLASS2 ABLA_CLASS4 PIEN_CLASS4 ABLA_CLASS3 PIEN_CLASS3 ABLA_CLASS2 PIEN_CLASS2 ABLA_CLASS1 PIEN_CLASS1
PIAL_CLASS2        1.00       -0.09       -0.12       -0.05        0.00       -0.05        0.14       -0.06        0.05
ABLA_CLASS4       -0.09        1.00        0.15        0.62       -0.03        0.41       -0.05        0.23       -0.07
PIEN_CLASS4       -0.12        0.15        1.00        0.22        0.65        0.24        0.42        0.24        0.17
ABLA_CLASS3       -0.05        0.62        0.22        1.00        0.08        0.73       -0.01        0.31       -0.04
PIEN_CLASS3        0.00       -0.03        0.65        0.08        1.00        0.15        0.76        0.13        0.36
ABLA_CLASS2       -0.05        0.41        0.24        0.73        0.15        1.00        0.10        0.45        0.07
PIEN_CLASS2        0.14       -0.05        0.42       -0.01        0.76        0.10        1.00        0.05        0.51
ABLA_CLASS1       -0.06        0.23        0.24        0.31        0.13        0.45        0.05        1.00        0.11
PIEN_CLASS1        0.05       -0.07        0.17       -0.04        0.36        0.07        0.51        0.11        1.00

n= 303 


P
            PIAL_CLASS2 ABLA_CLASS4 PIEN_CLASS4 ABLA_CLASS3 PIEN_CLASS3 ABLA_CLASS2 PIEN_CLASS2 ABLA_CLASS1 PIEN_CLASS1
PIAL_CLASS2             0.1032      0.0419      0.3559      0.9943      0.3408      0.0139      0.2961      0.3658     
ABLA_CLASS4 0.1032                  0.0090      0.0000      0.6577      0.0000      0.3404      0.0000      0.2536     
PIEN_CLASS4 0.0419      0.0090                  0.0001      0.0000      0.0000      0.0000      0.0000      0.0023     
ABLA_CLASS3 0.3559      0.0000      0.0001                  0.1626      0.0000      0.8126      0.0000      0.5080     
PIEN_CLASS3 0.9943      0.6577      0.0000      0.1626                  0.0089      0.0000      0.0257      0.0000     
ABLA_CLASS2 0.3408      0.0000      0.0000      0.0000      0.0089                  0.0846      0.0000      0.2423     
PIEN_CLASS2 0.0139      0.3404      0.0000      0.8126      0.0000      0.0846                  0.3879      0.0000     
ABLA_CLASS1 0.2961      0.0000      0.0000      0.0000      0.0257      0.0000      0.3879                  0.0594     
PIEN_CLASS1 0.3658      0.2536      0.0023      0.5080      0.0000      0.2423      0.0000      0.0594                 

#########################################################################################################################

> rcorr(fsdata, type = "spearman")
            PIAL_CLASS2 ABLA_CLASS4 PIEN_CLASS4 ABLA_CLASS3 PIEN_CLASS3 ABLA_CLASS2 PIEN_CLASS2 ABLA_CLASS1 PIEN_CLASS1
PIAL_CLASS2        1.00        0.01       -0.14        0.05       -0.04        0.06       -0.01       -0.01       -0.03
ABLA_CLASS4        0.01        1.00        0.34        0.73        0.10        0.62        0.14        0.40       -0.05
PIEN_CLASS4       -0.14        0.34        1.00        0.38        0.71        0.43        0.69        0.38        0.32
ABLA_CLASS3        0.05        0.73        0.38        1.00        0.22        0.78        0.21        0.52        0.02
PIEN_CLASS3       -0.04        0.10        0.71        0.22        1.00        0.31        0.73        0.21        0.46
ABLA_CLASS2        0.06        0.62        0.43        0.78        0.31        1.00        0.30        0.65        0.18
PIEN_CLASS2       -0.01        0.14        0.69        0.21        0.73        0.30        1.00        0.27        0.52
ABLA_CLASS1       -0.01        0.40        0.38        0.52        0.21        0.65        0.27        1.00        0.18
PIEN_CLASS1       -0.03       -0.05        0.32        0.02        0.46        0.18        0.52        0.18        1.00

n= 303 


P
            PIAL_CLASS2 ABLA_CLASS4 PIEN_CLASS4 ABLA_CLASS3 PIEN_CLASS3 ABLA_CLASS2 PIEN_CLASS2 ABLA_CLASS1 PIEN_CLASS1
PIAL_CLASS2             0.8156      0.0141      0.3416      0.5019      0.3156      0.9084      0.8041      0.5517     
ABLA_CLASS4 0.8156                  0.0000      0.0000      0.0869      0.0000      0.0164      0.0000      0.4125     
PIEN_CLASS4 0.0141      0.0000                  0.0000      0.0000      0.0000      0.0000      0.0000      0.0000     
ABLA_CLASS3 0.3416      0.0000      0.0000                  0.0001      0.0000      0.0003      0.0000      0.7299     
PIEN_CLASS3 0.5019      0.0869      0.0000      0.0001                  0.0000      0.0000      0.0003      0.0000     
ABLA_CLASS2 0.3156      0.0000      0.0000      0.0000      0.0000                  0.0000      0.0000      0.0022     
PIEN_CLASS2 0.9084      0.0164      0.0000      0.0003      0.0000      0.0000                  0.0000      0.0000     
ABLA_CLASS1 0.8041      0.0000      0.0000      0.0000      0.0003      0.0000      0.0000                  0.0014     
PIEN_CLASS1 0.5517      0.4125      0.0000      0.7299      0.0000      0.0022      0.0000      0.0014     

#########################################################################################################################
#########################################################################################################################
#########################################################################################################################

> rcorr(fsdata, type = "pearson")
            PIAL_CLASS1 ABLA_CLASS4 PIEN_CLASS4 ABLA_CLASS3 PIEN_CLASS3 ABLA_CLASS2 PIEN_CLASS2 ABLA_CLASS1 PIEN_CLASS1
PIAL_CLASS1        1.00       -0.07       -0.12       -0.11       -0.09       -0.03       -0.02        0.01       -0.05
ABLA_CLASS4       -0.07        1.00        0.15        0.62       -0.03        0.41       -0.05        0.23       -0.07
PIEN_CLASS4       -0.12        0.15        1.00        0.22        0.65        0.24        0.42        0.24        0.17
ABLA_CLASS3       -0.11        0.62        0.22        1.00        0.08        0.73       -0.01        0.31       -0.04
PIEN_CLASS3       -0.09       -0.03        0.65        0.08        1.00        0.15        0.76        0.13        0.36
ABLA_CLASS2       -0.03        0.41        0.24        0.73        0.15        1.00        0.10        0.45        0.07
PIEN_CLASS2       -0.02       -0.05        0.42       -0.01        0.76        0.10        1.00        0.05        0.51
ABLA_CLASS1        0.01        0.23        0.24        0.31        0.13        0.45        0.05        1.00        0.11
PIEN_CLASS1       -0.05       -0.07        0.17       -0.04        0.36        0.07        0.51        0.11        1.00

n= 303 


P
            PIAL_CLASS1 ABLA_CLASS4 PIEN_CLASS4 ABLA_CLASS3 PIEN_CLASS3 ABLA_CLASS2 PIEN_CLASS2 ABLA_CLASS1 PIEN_CLASS1
PIAL_CLASS1             0.2454      0.0302      0.0459      0.1194      0.5694      0.7327      0.8578      0.4164     
ABLA_CLASS4 0.2454                  0.0090      0.0000      0.6577      0.0000      0.3404      0.0000      0.2536     
PIEN_CLASS4 0.0302      0.0090                  0.0001      0.0000      0.0000      0.0000      0.0000      0.0023     
ABLA_CLASS3 0.0459      0.0000      0.0001                  0.1626      0.0000      0.8126      0.0000      0.5080     
PIEN_CLASS3 0.1194      0.6577      0.0000      0.1626                  0.0089      0.0000      0.0257      0.0000     
ABLA_CLASS2 0.5694      0.0000      0.0000      0.0000      0.0089                  0.0846      0.0000      0.2423     
PIEN_CLASS2 0.7327      0.3404      0.0000      0.8126      0.0000      0.0846                  0.3879      0.0000     
ABLA_CLASS1 0.8578      0.0000      0.0000      0.0000      0.0257      0.0000      0.3879                  0.0594     
PIEN_CLASS1 0.4164      0.2536      0.0023      0.5080      0.0000      0.2423      0.0000      0.0594                 
#########################################################################################################################
> rcorr(fsdata, type = "spearman")
            PIAL_CLASS1 ABLA_CLASS4 PIEN_CLASS4 ABLA_CLASS3 PIEN_CLASS3 ABLA_CLASS2 PIEN_CLASS2 ABLA_CLASS1 PIEN_CLASS1
PIAL_CLASS1        1.00       -0.05       -0.11       -0.09       -0.04        0.04       -0.02        0.02        0.01
ABLA_CLASS4       -0.05        1.00        0.34        0.73        0.10        0.62        0.14        0.40       -0.05
PIEN_CLASS4       -0.11        0.34        1.00        0.38        0.71        0.43        0.69        0.38        0.32
ABLA_CLASS3       -0.09        0.73        0.38        1.00        0.22        0.78        0.21        0.52        0.02
PIEN_CLASS3       -0.04        0.10        0.71        0.22        1.00        0.31        0.73        0.21        0.46
ABLA_CLASS2        0.04        0.62        0.43        0.78        0.31        1.00        0.30        0.65        0.18
PIEN_CLASS2       -0.02        0.14        0.69        0.21        0.73        0.30        1.00        0.27        0.52
ABLA_CLASS1        0.02        0.40        0.38        0.52        0.21        0.65        0.27        1.00        0.18
PIEN_CLASS1        0.01       -0.05        0.32        0.02        0.46        0.18        0.52        0.18        1.00

n= 303 


P
            PIAL_CLASS1 ABLA_CLASS4 PIEN_CLASS4 ABLA_CLASS3 PIEN_CLASS3 ABLA_CLASS2 PIEN_CLASS2 ABLA_CLASS1 PIEN_CLASS1
PIAL_CLASS1             0.4262      0.0472      0.1037      0.4713      0.5419      0.7833      0.7365      0.8983     
ABLA_CLASS4 0.4262                  0.0000      0.0000      0.0869      0.0000      0.0164      0.0000      0.4125     
PIEN_CLASS4 0.0472      0.0000                  0.0000      0.0000      0.0000      0.0000      0.0000      0.0000     
ABLA_CLASS3 0.1037      0.0000      0.0000                  0.0001      0.0000      0.0003      0.0000      0.7299     
PIEN_CLASS3 0.4713      0.0869      0.0000      0.0001                  0.0000      0.0000      0.0003      0.0000     
ABLA_CLASS2 0.5419      0.0000      0.0000      0.0000      0.0000                  0.0000      0.0000      0.0022     
PIEN_CLASS2 0.7833      0.0164      0.0000      0.0003      0.0000      0.0000                  0.0000      0.0000     
ABLA_CLASS1 0.7365      0.0000      0.0000      0.0000      0.0003      0.0000      0.0000                  0.0014     
PIEN_CLASS1 0.8983      0.4125      0.0000      0.7299      0.0000      0.0022      0.0000      0.0014                 


